{'bkg': 49929.804,
 'liver': 1766.529,
 'l_lung': 1403.0819999999999,
 'r_lung': 1493.964,
 'l_kidney': 156.492,
 'r_kidney': 155.304,
 'salivary': 85.67099999999999,
 'bladder': 173.88}